image: c1.pgm
resolution: 0.050000
origin: [-27.941138, -21.553906, 0.000000]
negate: 0
occupied_thresh: 0.65
free_thresh: 0.196

