image: c2.pgm
resolution: 0.050000
origin: [-119.358276, -23.563330, 0.000000]
negate: 0
occupied_thresh: 0.65
free_thresh: 0.196

