image: c1.pgm
resolution: 0.050000
origin: [-21.264262, -19.899080, 0.000000]
negate: 0
occupied_thresh: 0.65
free_thresh: 0.196

